[header]
width=70
height=40
tilewidth=70
tileheight=70
orientation=orthogonal

[tilesets]
tileset=sprites.png,70,70,0,0
tileset=../../assets/Weapons/sprites.png,70,70,0,0
tileset=../../assets/Items/sprites.png,70,70,0,0
tileset=../../assets/Player/p1_spritesheet.png,66,92,0,0

[layer]
type=Background
data=
0,0,0,0,0,0,0,0,0,0,0,0,0,0,0,0,0,0,0,0,0,0,0,0,0,0,0,0,0,0,0,0,0,0,0,0,0,0,0,0,0,0,0,0,0,0,0,0,0,0,0,0,0,0,0,0,0,0,0,0,0,0,0,0,0,0,0,0,0,0,
0,0,0,0,0,0,0,0,0,0,0,0,0,0,0,0,0,0,0,0,0,0,0,0,0,0,0,0,0,0,0,0,0,0,0,0,0,0,0,0,0,0,0,0,0,0,0,0,0,0,0,0,0,0,0,0,0,0,0,0,0,0,0,0,0,0,0,0,0,0,
0,0,0,0,0,0,0,0,0,0,0,0,0,0,0,0,0,0,0,0,0,0,0,0,0,0,0,0,0,0,0,0,0,0,0,0,0,0,0,0,0,0,0,0,0,0,0,0,0,0,0,0,0,0,0,0,0,0,0,0,0,0,0,0,0,0,0,0,0,0,
0,0,0,0,0,0,0,0,0,0,0,0,0,0,0,0,0,0,0,0,0,0,0,0,0,0,0,0,0,0,0,0,0,0,23,0,0,0,0,0,0,0,0,0,0,0,0,0,0,0,0,0,0,0,0,0,0,0,0,0,0,0,0,0,0,0,0,0,0,0,
0,0,0,0,0,0,0,0,0,0,0,0,0,0,0,0,0,0,0,0,0,0,0,0,0,0,0,0,0,0,0,0,0,0,0,0,0,0,0,0,0,0,0,0,0,0,0,0,0,0,0,0,0,0,0,0,0,0,0,0,0,0,0,0,0,0,0,0,0,0,
0,0,0,0,0,0,0,0,0,0,0,0,0,0,0,0,0,0,0,0,0,0,0,0,0,0,0,0,0,0,0,0,0,0,0,0,0,0,0,0,0,0,13,0,0,0,0,0,0,0,0,0,0,0,0,-1610612703,0,0,0,0,0,0,0,0,0,0,0,0,0,0,
0,0,0,0,0,0,0,0,0,0,0,0,0,0,0,0,0,0,0,0,0,23,0,0,0,0,0,13,0,0,0,0,0,3,0,0,0,0,0,0,0,0,0,0,0,0,0,93,0,24,0,0,0,0,0,0,0,0,0,0,0,0,0,0,0,0,0,0,0,0,
0,0,0,0,0,0,0,0,0,0,0,0,0,0,0,0,33,0,0,0,0,0,0,0,0,0,0,0,0,0,0,0,0,0,0,0,0,0,0,0,0,0,0,0,0,0,0,93,0,54,0,0,0,0,0,0,0,0,0,0,0,0,0,0,0,0,0,0,0,0,
0,0,0,0,0,0,0,0,0,0,0,0,0,0,0,0,0,0,0,0,0,0,0,0,0,0,0,0,0,0,0,0,0,0,0,0,0,0,0,0,0,0,0,0,0,0,0,93,0,34,0,0,0,0,0,0,0,0,0,0,0,0,0,0,0,0,0,0,0,0,
0,0,0,0,0,0,0,0,0,0,0,0,0,0,0,0,0,0,0,0,0,0,0,0,0,0,0,0,0,0,0,0,0,0,0,0,0,0,0,0,0,0,0,0,0,0,0,93,0,54,0,0,0,0,0,0,0,0,0,0,0,0,0,0,0,0,0,0,0,0,
0,0,0,0,0,0,0,0,0,0,0,0,0,0,0,0,0,0,0,0,0,0,0,0,0,0,0,72,0,0,0,0,75,0,0,0,0,91,0,0,0,0,85,0,0,0,0,93,0,34,0,92,0,0,0,0,0,0,0,0,0,0,0,0,0,0,0,0,0,0,
0,0,0,0,0,3,0,0,0,0,0,0,0,3,0,0,0,0,0,0,0,0,0,0,0,97,66,87,0,0,41,29,29,29,29,29,29,29,29,29,29,29,29,29,29,29,29,29,29,29,29,29,19,0,0,0,0,0,0,0,0,0,0,0,0,0,0,0,0,0,
0,0,0,0,0,0,0,0,0,0,0,0,0,0,0,0,0,0,0,0,98,0,0,0,0,0,0,0,0,0,0,0,0,0,0,0,0,0,0,0,0,0,0,0,0,0,0,0,0,0,0,0,0,0,0,0,0,0,0,0,0,0,0,23,0,0,0,0,0,0,
0,0,0,0,0,0,0,0,0,0,0,0,0,0,0,0,0,0,0,0,41,29,31,0,0,0,0,0,0,0,0,0,0,0,0,0,0,0,0,0,0,0,0,0,0,0,0,0,0,0,0,0,0,0,0,0,0,3,0,0,0,0,0,0,0,0,0,0,0,0,
0,0,0,0,0,0,0,0,0,0,0,0,0,0,0,9,0,0,0,0,0,0,0,0,0,0,0,0,0,33,0,0,0,0,0,0,0,0,0,0,0,0,0,0,0,0,0,0,0,0,0,0,0,0,0,0,0,0,0,0,0,0,0,0,0,0,0,0,0,0,
0,0,0,0,0,0,0,0,33,0,0,0,0,0,0,97,66,87,0,0,0,0,0,0,0,0,0,0,0,0,0,0,0,0,0,0,0,0,0,0,23,0,0,0,0,0,0,0,0,0,0,0,0,0,0,0,0,0,0,0,0,0,0,0,0,0,0,0,0,0,
0,0,0,0,0,0,0,0,0,0,0,0,0,0,0,0,0,0,0,0,0,78,0,0,0,0,0,0,0,0,0,0,0,0,3,0,0,0,0,0,0,0,0,0,0,0,0,0,0,0,0,0,0,0,0,0,0,0,0,0,0,0,0,0,0,0,0,0,0,0,
0,0,0,0,0,0,0,0,0,0,0,0,0,0,0,0,0,0,0,41,29,31,0,0,0,0,0,0,0,0,0,0,0,0,0,0,0,0,0,0,0,0,0,0,0,0,0,0,13,0,0,0,0,0,0,0,0,0,0,0,0,0,3,0,0,0,0,0,0,0,
0,0,0,0,0,0,0,0,0,0,0,0,0,0,0,0,0,0,0,0,0,0,0,0,88,0,0,0,0,0,0,0,0,0,0,0,0,0,0,0,0,0,0,0,0,0,0,0,0,0,0,0,0,0,0,0,0,0,0,0,0,0,0,0,0,0,0,0,0,0,
0,0,0,0,0,0,0,0,0,0,3,0,0,0,0,0,0,0,0,0,0,0,0,0,97,66,87,0,0,0,0,0,0,0,0,0,0,0,0,0,0,0,0,0,0,0,0,0,0,0,0,0,0,0,0,0,0,23,0,0,0,0,0,0,0,0,0,0,0,0,
0,0,0,0,0,0,0,0,0,0,0,0,0,0,0,0,23,0,0,0,0,0,0,0,0,0,0,0,0,0,0,12,0,0,0,0,0,0,0,0,0,0,0,0,0,0,0,0,0,0,0,0,0,0,0,0,0,0,0,0,0,0,0,0,0,0,0,13,0,0,
0,0,0,0,0,0,0,0,0,0,0,0,0,0,0,0,0,0,0,0,0,0,0,0,0,0,0,0,0,29,29,29,29,29,29,29,29,29,29,29,59,0,0,0,0,0,0,0,0,0,0,0,0,0,0,0,0,0,0,0,0,0,0,0,0,0,0,0,0,0,
0,0,0,0,0,23,0,0,0,0,0,0,0,0,0,0,0,0,0,0,0,0,0,0,0,0,0,0,0,51,51,51,51,51,51,51,51,51,51,51,49,29,59,0,0,0,0,0,0,0,0,0,0,0,0,0,0,0,0,0,0,0,0,0,0,0,0,0,0,0,
0,0,0,0,0,0,0,0,0,0,0,0,0,0,0,0,0,0,0,0,0,0,3,0,0,0,0,0,0,51,51,51,51,51,51,51,51,51,51,51,51,51,49,69,77,67,57,0,0,0,0,0,0,0,0,0,0,0,0,0,0,0,0,0,0,0,0,0,0,0,
0,0,0,0,0,0,0,0,0,0,0,0,0,0,0,0,0,0,0,0,0,0,0,0,0,0,0,0,0,51,51,51,51,51,51,51,51,51,51,51,51,51,51,51,0,0,0,0,0,0,0,0,0,0,0,0,0,0,0,0,0,33,0,0,0,0,0,0,0,0,
0,0,0,0,0,0,0,0,0,0,33,0,0,0,0,0,0,0,0,0,0,0,0,0,0,0,0,0,0,51,51,51,51,51,51,51,51,51,51,51,51,51,51,51,0,0,0,0,11,1,55,0,0,0,0,0,0,0,0,0,0,0,0,0,0,0,0,0,0,0,
0,0,0,0,0,0,0,0,0,0,0,0,0,0,0,0,0,0,0,0,0,0,0,0,0,0,0,0,0,51,51,51,51,51,51,51,51,51,51,51,51,51,51,51,0,0,0,0,0,0,0,0,0,0,0,0,0,0,0,0,0,0,0,0,0,0,0,0,0,0,
0,0,0,0,0,0,0,0,0,0,0,0,0,0,0,0,0,0,0,0,0,0,0,0,0,0,0,0,0,51,51,51,51,51,51,51,51,51,51,51,51,51,51,51,0,0,0,0,0,0,0,0,0,77,67,57,0,0,0,0,0,0,0,0,0,0,0,0,0,0,
0,44,0,0,0,24,0,0,0,0,0,0,0,0,0,0,0,0,0,0,0,0,0,0,0,0,0,0,0,51,51,51,51,51,51,51,51,51,51,0,0,51,51,51,0,0,0,0,0,0,58,0,0,0,0,0,0,0,82,0,0,0,72,0,0,0,0,0,0,0,
0,54,0,0,0,34,0,0,0,0,0,0,0,79,29,29,71,29,29,0,0,11,1,55,0,0,0,0,0,51,51,51,51,51,51,51,51,51,0,85,75,0,51,51,0,0,0,0,11,1,55,0,0,0,0,0,0,0,41,29,29,29,31,0,0,0,0,0,0,0,
0,54,0,0,0,34,0,0,0,0,0,0,79,69,51,51,51,51,51,0,0,0,0,0,0,0,77,67,57,51,51,66,66,66,66,66,66,66,96,45,45,0,51,51,0,0,0,0,0,0,0,0,0,0,0,0,0,0,0,0,0,0,0,0,0,0,0,0,0,0,
0,54,0,0,0,34,0,0,28,0,0,79,69,51,51,51,51,51,51,0,0,0,0,0,0,0,0,0,0,51,51,8,8,8,8,8,8,8,86,66,66,66,66,66,66,66,0,0,63,0,0,0,53,0,0,0,0,0,0,0,0,0,0,0,0,67,67,67,67,67,
29,29,29,29,29,29,29,29,29,29,19,69,51,51,51,51,51,51,51,0,0,0,0,0,0,0,0,0,0,51,51,8,8,8,8,8,8,8,8,8,8,8,8,8,8,8,0,0,73,0,0,0,83,0,0,2,0,0,0,11,1,55,0,0,0,0,0,0,0,0,
51,51,51,51,51,51,51,51,51,51,51,51,51,51,51,51,51,51,51,0,0,0,0,0,0,0,0,0,0,51,51,8,8,8,8,8,8,8,8,8,8,8,8,8,8,8,37,37,37,37,37,37,37,37,37,37,37,0,0,0,0,0,0,0,0,0,0,0,0,0,
51,51,51,51,51,51,51,51,51,51,51,51,51,51,51,51,51,51,51,0,0,0,0,0,0,0,0,0,0,51,51,8,8,8,8,8,8,8,8,8,8,8,8,8,8,8,0,0,0,0,0,0,0,0,0,0,0,0,0,0,0,0,0,11,1,55,0,0,0,0,
51,51,51,51,51,51,51,51,51,51,51,51,51,51,51,51,51,51,51,0,0,0,0,0,0,0,0,0,0,51,51,8,8,8,8,8,8,8,8,8,8,8,8,8,8,8,0,0,58,0,0,0,0,0,0,48,0,0,0,0,0,0,0,0,0,0,0,0,0,0,
51,51,51,51,51,51,51,51,51,51,51,51,51,51,51,51,51,51,51,0,0,0,0,0,0,0,0,0,0,51,51,8,8,8,8,8,8,8,8,8,8,8,8,8,8,8,0,39,29,71,29,19,0,0,39,29,19,0,0,39,29,19,0,0,0,0,0,0,0,0,
51,51,51,51,51,51,51,51,51,51,51,51,51,51,51,51,51,51,51,0,0,0,0,0,0,0,0,0,0,51,51,8,8,8,8,8,8,8,8,8,8,8,8,8,8,8,14,14,14,14,14,14,14,14,14,14,14,14,14,14,14,14,14,14,14,14,14,14,14,14,
51,51,51,51,51,51,51,51,51,51,51,51,51,51,51,51,51,51,51,0,0,0,0,0,0,0,0,0,0,51,51,8,8,8,8,8,8,8,8,8,8,8,8,8,8,8,14,14,14,14,14,14,14,14,14,14,14,14,14,14,14,14,14,14,14,14,14,14,14,14,
51,51,51,51,51,51,51,51,51,51,51,51,51,51,51,81,81,51,51,0,0,0,0,0,0,0,0,0,0,51,51,8,8,8,8,8,8,8,8,8,8,8,8,8,8,8,14,14,14,14,14,14,14,14,14,14,14,14,14,14,14,14,14,14,14,14,14,14,14,14

[Player]
# start
type=PLAYER
location=2,32,0,1

[Enemies]
# enemy
type=FISH
location=48,39,1,1

[Enemies]
# enemy
type=FISH
location=67,39,1,1

[Enemies]
# enemy
type=FISH
location=58,40,1,1

[Enemies]
# enemy
type=FISH
location=55,38,1,1

[Enemies]
# enemy
type=FISH
location=64,38,1,1

[Enemies]
# enemy
type=FISH
location=52,40,1,1

[Enemies]
# enemy
type=FISH
location=46,38,1,1

[Enemies]
# enemy
type=SPIDER
location=22,29,1,1

[Enemies]
# enemy
type=SPIDER
location=27,30,1,1

[Enemies]
# enemy
type=SPIDER
location=44,31,1,1

[Enemies]
# enemy
type=SPIDER
location=55,27,1,1

[Enemies]
# enemy
type=SPIDER
location=43,23,1,1

[Enemies]
# enemy
type=SPIDER
location=37,21,1,1

[Enemies]
# enemy
type=SPIDER
location=33,21,1,1

[Enemies]
# enemy
type=SPIDER
location=44,11,1,1

[Enemies]
# enemy
type=GHOST
location=36,28,1,1

[Enemies]
# enemy
type=GHOST
location=62,27,1,1

[Enemies]
# enemy
type=GHOST
location=51,35,1,1

[Enemies]
# enemy
type=GHOST
location=23,17,1,1

[Enemies]
# enemy
type=GHOST
location=39,9,1,1

[Enemies]
# enemy
type=SPIKE
location=19,37,1,1

[Enemies]
# enemy
type=SPIKE
location=20,37,1,1

[Enemies]
# enemy
type=SPIKE
location=21,37,1,1

[Enemies]
# enemy
type=SPIKE
location=22,37,1,1

[Enemies]
# enemy
type=SPIKE
location=23,37,1,1

[Enemies]
# enemy
type=SPIKE
location=24,37,1,1

[Enemies]
# enemy
type=SPIKE
location=25,37,1,1

[Enemies]
# enemy
type=SPIKE
location=26,37,1,1

[Enemies]
# enemy
type=SPIKE
location=27,37,1,1

[Enemies]
# enemy
type=SPIKE
location=28,37,1,1

[Items]
# key
type=GOLD_KEY
location=49,36,1,1

[Items]
# biggun
type=BIG_RAY_GUN
location=16,29,1,1

[Items]
# coin
type=COIN
location=24,28,1,1

[Items]
# coin
type=COIN
location=25,28,1,1

[Items]
# coin
type=COIN
location=32,30,1,1

[Items]
# coin
type=COIN
location=33,30,1,1

[Items]
# coin
type=COIN
location=34,30,1,1

[Items]
# coin
type=COIN
location=59,32,1,1

[Items]
# coin
type=COIN
location=60,32,1,1

[Items]
# coin
type=COIN
location=64,30,1,1

[Items]
# coin
type=COIN
location=65,30,1,1

[Items]
# coin
type=COIN
location=68,31,1,1

[Items]
# coin
type=COIN
location=69,31,1,1

[Items]
# coin
type=COIN
location=49,25,1,1

[Items]
# coin
type=COIN
location=50,25,1,1

[Items]
# coin
type=COIN
location=48,25,1,1

[Items]
# coin
type=COIN
location=26,19,1,1

[Items]
# coin
type=COIN
location=19,17,1,1

[Items]
# coin
type=COIN
location=17,15,1,1

[Items]
# coin
type=COIN
location=22,13,1,1

[Items]
# coin
type=COIN
location=25,11,1,1

[Items]
# coin
type=COIN
location=46,11,1,1

[Items]
# coin
type=COIN
location=46,10,1,1

[Items]
# coin
type=COIN
location=48,10,1,1

[Items]
# coin
type=COIN
location=48,11,1,1

[Items]
# coin
type=COIN
location=50,11,1,1

[Items]
# coin
type=COIN
location=50,10,1,1

[Items]
# coin
type=COIN
location=8,30,1,1

[Items]
# coin
type=COIN
location=8,31,1,1

[Items]
# coin
type=COIN
location=9,31,1,1

[Items]
# coin
type=COIN
location=9,30,1,1

[Items]
# coin
type=COIN
location=61,32,1,1

[Items]
# coin
type=COIN
location=59,36,1,1

[Items]
# coin
type=COIN
location=60,36,1,1

[Items]
# coin
type=COIN
location=54,36,1,1

[Items]
# coin
type=COIN
location=56,36,1,1

[Items]
# coin
type=COIN
location=55,36,1,1

[Items]
# coin
type=COIN
location=64,34,1,1

