[header]
width=70
height=40
tilewidth=70
tileheight=70
orientation=orthogonal

[tilesets]
tileset=sprites.png,70,70,0,0
tileset=../../assets/Player/p1_spritesheet.png,69,92,0,0
tileset=../../assets/Items/sprites.png,70,70,0,0
tileset=../../assets/Weapons/sprites.png,70,70,0,0

[layer]
type=Background
data=
0,0,31,0,0,0,0,0,0,0,0,0,0,31,0,0,0,0,0,0,0,0,0,0,0,31,0,0,0,0,0,0,0,0,0,0,0,0,0,0,0,0,0,0,0,31,0,0,0,0,0,0,0,0,0,0,0,0,0,0,0,0,0,0,0,0,0,0,0,0,
0,0,0,0,0,0,0,0,0,31,0,0,0,0,0,0,0,31,0,0,0,31,0,0,0,0,0,0,0,0,0,0,31,0,0,0,0,31,0,0,0,0,0,0,0,0,0,0,0,0,0,0,0,0,0,0,0,0,0,0,0,0,0,31,0,0,31,0,0,0,
0,0,0,31,0,0,0,0,0,0,0,0,0,0,0,0,0,0,0,0,0,0,0,0,0,0,0,0,0,31,0,0,0,0,0,0,0,0,0,0,0,31,0,0,0,0,0,0,0,0,0,0,31,0,0,0,0,31,0,0,0,0,0,0,0,0,0,0,0,0,
0,0,0,0,0,0,0,0,31,0,0,0,0,0,31,0,0,0,0,0,0,0,0,0,0,0,31,0,0,0,0,0,0,0,0,0,31,0,0,0,0,0,0,31,0,0,0,0,31,0,0,0,0,0,0,0,0,0,0,0,0,0,0,0,0,31,0,0,31,0,
0,0,0,0,75,0,92,92,0,0,0,0,0,0,0,0,0,0,0,0,0,0,31,0,0,0,0,0,0,0,0,31,0,0,0,0,0,0,0,0,0,0,0,0,0,0,0,0,0,0,0,0,0,0,0,0,0,0,0,0,0,0,0,0,0,0,0,0,0,0,
56,56,56,56,56,56,56,56,56,56,56,56,86,0,0,0,0,0,0,0,0,0,0,0,0,0,0,0,0,0,0,0,0,0,0,0,0,0,0,0,0,0,0,0,0,0,0,0,0,0,0,0,0,31,0,0,0,0,0,31,0,0,31,0,0,0,0,0,0,0,
77,77,77,77,77,77,77,77,77,77,77,77,71,0,0,0,0,0,0,0,92,0,0,0,0,0,0,0,0,0,0,0,0,0,0,0,0,0,0,0,0,0,0,0,0,0,92,0,0,0,0,0,0,0,0,0,0,0,0,0,0,0,0,0,0,0,0,31,0,0,
77,77,77,77,77,77,77,77,77,77,77,77,71,0,0,0,14,56,56,56,56,56,56,56,56,56,56,4,93,93,93,93,93,36,93,93,93,93,93,14,56,56,56,56,56,56,56,56,4,0,0,0,0,0,0,0,0,0,0,0,0,0,0,0,0,0,0,0,0,0,
77,77,77,77,77,77,77,77,77,77,77,77,71,0,0,0,81,77,77,77,77,77,77,77,77,77,77,71,73,73,73,73,73,73,73,73,73,73,73,81,77,77,77,77,77,77,77,77,71,0,0,0,0,62,0,62,0,0,0,0,0,0,0,0,0,0,0,0,0,0,
77,77,77,77,77,77,77,77,77,77,77,77,71,56,56,56,81,77,77,77,77,77,77,77,77,77,77,71,73,73,73,73,73,73,73,73,73,73,73,81,77,77,77,77,77,77,77,77,71,31,0,0,67,56,56,56,56,56,56,57,0,0,0,0,0,0,0,0,0,0,
77,77,77,77,77,77,77,77,77,77,77,77,61,0,0,0,81,77,77,77,77,77,77,77,77,77,77,71,73,73,73,73,73,73,73,73,73,73,73,81,77,77,77,77,77,77,77,77,71,0,0,0,0,0,0,0,0,0,0,0,0,0,0,0,0,0,72,0,0,72,
68,68,68,68,68,68,68,68,68,68,68,68,0,0,0,0,81,77,77,77,77,77,77,77,77,77,77,71,73,73,73,73,73,73,73,73,73,73,73,81,77,77,77,77,77,77,77,77,71,0,0,0,0,0,0,0,0,0,0,0,0,0,0,67,46,46,46,46,46,57,
0,0,0,0,0,0,0,0,0,0,0,0,0,31,0,0,51,77,77,77,77,77,77,77,77,77,77,77,41,41,41,41,41,41,41,41,41,41,41,77,77,77,77,77,77,77,77,77,61,0,31,0,0,0,0,0,0,0,0,0,0,0,0,0,0,0,0,0,0,0,
0,0,0,0,0,0,0,0,0,0,31,0,0,0,0,0,0,68,68,68,68,68,68,68,68,68,68,68,0,0,0,0,0,0,0,0,0,0,0,68,68,68,68,68,68,68,68,68,0,0,0,0,0,0,72,0,0,92,0,0,0,0,0,0,0,0,0,0,0,0,
0,0,0,0,0,0,0,0,0,0,0,0,0,0,0,0,0,0,0,31,0,0,0,0,0,0,0,0,0,0,0,0,0,0,0,0,0,0,0,0,0,0,0,0,0,0,0,0,0,0,0,0,0,67,56,56,56,56,56,56,57,0,0,0,0,31,0,0,0,0,
0,0,0,0,31,0,0,0,0,0,0,0,0,0,0,0,0,0,0,0,0,0,0,0,0,0,0,0,0,0,0,0,0,0,31,0,0,0,0,0,0,31,0,0,0,0,0,0,0,0,0,0,0,0,0,0,0,0,0,0,0,0,0,0,0,0,0,0,0,0,
0,0,0,0,0,0,0,0,31,0,0,0,0,0,0,0,0,0,0,0,0,0,0,0,0,0,0,31,0,0,0,0,0,0,0,0,0,0,0,0,0,0,0,0,0,22,0,0,62,62,0,0,12,0,0,31,0,0,0,0,31,0,0,0,0,0,0,31,0,0,
0,0,0,0,0,0,0,0,0,0,0,0,0,0,0,0,0,0,0,0,0,0,0,0,0,0,0,0,0,0,0,0,0,0,0,0,0,0,0,0,0,0,0,0,0,67,56,56,56,56,56,56,57,0,0,0,0,0,0,0,0,0,0,0,0,0,0,0,0,0,
0,31,0,0,0,0,0,0,0,0,0,0,31,0,0,0,0,0,0,0,0,0,0,31,0,0,0,0,0,0,0,0,0,31,0,0,0,0,31,0,0,0,0,0,0,0,0,0,0,0,0,0,0,0,0,0,0,0,0,31,0,0,0,0,0,0,0,0,0,0,
0,0,0,0,0,0,31,0,0,0,0,0,0,0,0,0,31,0,0,0,0,0,0,31,0,8,0,0,0,0,0,0,0,0,0,0,0,0,0,0,0,0,0,31,0,0,0,0,0,31,0,0,0,0,0,0,0,0,0,0,0,0,0,31,0,0,0,0,0,31,
0,0,0,0,0,0,0,0,0,0,0,0,0,0,0,0,0,0,0,0,0,0,0,0,38,58,28,0,0,0,0,0,0,0,0,0,0,0,0,0,0,0,0,0,0,0,31,0,0,0,0,0,0,0,0,0,0,0,0,0,0,0,0,0,0,0,0,0,0,0,
0,0,0,31,0,0,0,0,0,0,0,0,0,0,0,0,0,0,0,0,31,0,0,38,58,58,58,28,31,0,0,0,0,0,0,0,0,0,0,0,0,21,0,0,0,0,0,0,0,16,0,0,0,0,0,21,0,0,0,0,0,0,0,0,0,0,0,0,0,0,
0,0,0,0,0,0,0,0,0,0,0,0,0,31,0,0,0,0,0,0,0,0,0,38,58,58,58,28,0,0,0,0,0,0,0,0,0,14,56,56,56,56,56,56,56,56,56,56,56,56,56,56,56,56,56,56,56,56,56,0,0,0,0,0,0,0,31,0,0,0,
0,0,0,0,0,0,0,0,0,0,0,0,0,0,0,0,0,0,0,0,0,0,38,58,58,58,58,58,28,0,31,0,0,0,0,0,0,81,77,77,77,77,77,77,77,77,77,77,77,77,77,77,77,77,77,77,77,77,77,0,0,0,0,0,0,0,0,0,0,0,
0,31,0,0,0,0,0,31,0,0,0,0,0,0,0,0,0,0,0,0,0,0,38,58,58,58,58,58,28,0,0,0,0,47,0,0,0,81,77,77,77,77,77,77,77,77,77,77,77,77,77,77,77,77,77,77,77,77,77,0,0,67,56,57,0,0,0,0,0,0,
0,0,0,0,0,0,0,0,0,0,0,0,0,0,0,0,0,0,0,0,0,38,58,58,58,58,58,58,58,28,0,0,0,0,0,0,0,81,77,77,77,77,77,77,77,77,77,77,77,77,77,77,77,77,77,77,77,77,77,0,0,0,0,0,0,0,0,0,0,0,
0,0,0,0,0,0,0,0,0,0,0,0,36,0,0,0,0,0,0,0,0,0,72,62,0,97,0,62,72,52,0,0,0,0,0,0,0,81,71,0,0,0,0,0,0,0,0,0,0,0,0,0,0,0,0,0,0,0,0,0,0,0,0,0,0,0,0,0,0,0,
0,0,0,0,75,0,16,0,0,0,0,0,36,0,0,0,0,0,0,0,56,56,56,56,56,56,56,56,56,56,56,0,0,0,0,0,0,81,71,0,0,0,0,0,0,0,0,0,0,0,0,0,0,0,0,0,0,0,0,0,0,0,0,0,0,0,67,56,57,0,
95,0,0,23,53,53,53,13,0,0,55,0,36,0,0,0,0,0,0,0,77,77,77,77,77,77,77,77,77,77,77,0,0,0,31,0,0,81,71,0,0,0,0,0,0,0,0,0,0,0,0,0,0,0,0,0,0,0,0,0,0,0,0,0,0,0,0,0,0,0,
26,0,0,33,33,33,33,33,0,0,85,0,36,0,0,0,0,47,0,0,77,77,77,77,77,77,77,77,77,77,77,0,0,0,0,0,0,81,71,0,0,0,0,0,0,0,0,0,0,0,0,0,0,0,0,0,0,0,0,0,0,67,56,57,0,0,0,0,0,0,
26,92,82,33,33,43,33,33,82,92,85,62,36,0,0,0,0,0,0,0,77,77,77,77,77,77,77,77,77,77,77,0,0,0,0,0,0,81,71,0,0,0,0,0,0,0,0,0,0,0,0,0,0,0,0,0,0,0,0,0,0,0,0,0,0,0,0,82,82,0,
56,56,56,56,56,56,56,56,56,56,56,56,56,56,56,0,0,0,0,0,0,0,0,0,0,0,0,0,0,0,0,0,0,0,0,0,0,77,76,56,56,36,56,56,56,56,56,4,63,63,63,63,63,63,63,63,63,63,63,14,56,56,56,56,56,56,56,56,56,56,
77,77,77,77,77,77,77,77,77,77,77,77,77,77,77,0,0,0,0,0,0,0,0,0,0,0,0,0,0,0,0,0,0,31,0,0,0,77,77,77,77,77,77,77,77,77,77,71,83,83,83,83,83,83,83,83,83,83,83,81,77,77,77,77,77,77,77,77,77,77,
77,77,77,77,77,77,77,77,77,77,77,77,77,77,77,0,0,0,31,0,0,0,0,0,0,0,0,0,0,0,0,0,0,0,0,0,0,77,77,77,77,77,77,77,77,77,77,76,56,56,56,56,56,56,56,56,56,56,56,96,77,77,77,77,77,77,77,77,77,77,
77,77,77,77,77,77,77,77,77,77,77,77,77,77,77,0,0,0,0,0,0,0,0,0,0,0,31,0,0,0,0,0,0,0,0,0,0,77,77,77,77,77,77,77,77,77,77,77,77,77,77,77,77,77,77,77,77,77,77,77,77,77,77,77,77,77,77,77,77,77,
77,77,77,77,77,77,77,77,77,77,77,77,77,77,77,31,0,0,0,0,0,31,0,0,0,0,0,0,0,0,0,0,0,0,0,0,0,77,77,77,77,77,77,77,77,77,77,77,77,77,77,77,77,77,77,77,77,77,77,77,77,77,77,77,77,77,77,77,77,77,
77,77,77,77,77,77,77,77,77,77,77,77,77,77,77,0,0,0,0,0,0,0,0,0,0,0,0,0,0,0,31,0,0,0,0,0,0,77,77,77,77,77,77,77,77,77,77,77,77,77,77,77,77,77,77,77,77,77,77,77,77,77,77,77,77,77,77,77,77,77,
77,77,77,77,77,77,77,77,77,77,77,77,77,77,77,0,0,0,0,0,0,0,0,0,0,0,0,0,0,0,0,0,0,0,31,0,0,77,77,77,77,77,77,77,77,77,77,77,77,77,77,77,77,77,77,77,77,77,77,77,77,77,77,77,77,77,77,77,77,77,
77,77,77,77,77,77,77,77,77,77,77,77,77,77,77,0,0,0,31,0,0,0,0,31,0,0,0,0,0,0,0,0,0,0,0,0,0,77,77,77,77,77,77,77,77,77,77,77,77,77,77,77,77,77,77,77,77,77,77,77,77,77,77,77,77,77,77,77,77,77,
77,77,77,77,77,77,77,77,77,77,77,77,77,77,77,0,0,0,0,0,0,0,0,0,0,0,0,0,0,0,0,0,0,0,0,0,0,77,77,77,77,77,77,77,77,77,77,77,77,77,77,77,77,77,77,77,77,77,77,77,77,77,77,77,77,77,77,77,77,77

[Player]
# start
type=PLAYER
location=1,5,0,1

[Enemies]
# enemy
type=SPIKE
location=13,9,1,1

[Enemies]
# enemy
type=SPIKE
location=14,9,1,1

[Enemies]
# enemy
type=SPIKE
location=15,9,1,1

[Enemies]
# enemy
type=GHOST
location=13,28,1,1

[Enemies]
# enemy
type=GHOST
location=18,22,1,1

[Enemies]
# enemy
type=GHOST
location=45,28,1,1

[Enemies]
# enemy
type=GHOST
location=56,17,1,1

[Enemies]
# enemy
type=GHOST
location=45,4,1,1

[Enemies]
# enemy
type=FISH
location=31,11,1,1

[Enemies]
# enemy
type=FISH
location=29,10,1,1

[Enemies]
# enemy
type=FISH
location=36,9,1,1

[Enemies]
# enemy
type=FISH
location=37,11,1,1

[Enemies]
# enemy
type=FISH
location=33,12,1,1

[Enemies]
# enemy
type=FISH
location=31,9,1,1

[Enemies]
# enemy
type=FISH
location=50,33,1,1

[Enemies]
# enemy
type=FISH
location=56,33,1,1

[Enemies]
# enemy
type=SPIDER
location=41,7,1,1

[Enemies]
# enemy
type=SPIDER
location=58,9,1,1

[Enemies]
# enemy
type=SPIDER
location=68,11,1,1

[Enemies]
# enemy
type=SPIDER
location=55,14,1,1

[Enemies]
# enemy
type=SPIDER
location=44,22,1,1

[Enemies]
# enemy
type=SPIDER
location=47,22,1,1

[Enemies]
# enemy
type=SPIDER
location=53,22,1,1

[Enemies]
# enemy
type=SPIDER
location=68,27,1,1

[Enemies]
# enemy
type=SPIDER
location=43,31,1,1

[Enemies]
# enemy
type=SPIDER
location=45,31,1,1

[Enemies]
# enemy
type=SPIDER
location=24,27,1,1

[Enemies]
# enemy
type=SPIDER
location=27,27,1,1

[Enemies]
# enemy
type=GHOST
location=64,26,1,1

[Items]
# key
type=GOLD_KEY
location=41,31,1,1

[Items]
# gun
type=TINY_RAY_GUN
location=33,7,1,1

[Items]
# coin
type=COIN
location=9,5,1,1

[Items]
# coin
type=COIN
location=10,5,1,1

[Items]
# coin
type=COIN
location=17,7,1,1

[Items]
# coin
type=COIN
location=18,7,1,1

[Items]
# coin
type=COIN
location=25,7,1,1

[Items]
# coin
type=COIN
location=26,7,1,1

[Items]
# coin
type=COIN
location=43,7,1,1

[Items]
# coin
type=COIN
location=44,7,1,1

[Items]
# coin
type=COIN
location=61,9,1,1

[Items]
# coin
type=COIN
location=62,9,1,1

[Items]
# coin
type=COIN
location=59,13,1,1

[Items]
# coin
type=COIN
location=60,13,1,1

[Items]
# coin
type=COIN
location=48,15,1,1

[Items]
# coin
type=COIN
location=49,15,1,1

[Items]
# coin
type=COIN
location=48,16,1,1

[Items]
# coin
type=COIN
location=49,16,1,1

[Items]
# coin
type=COIN
location=62,24,1,1

[Items]
# coin
type=COIN
location=67,27,1,1

[Items]
# coin
type=COIN
location=62,29,1,1

[Items]
# coin
type=COIN
location=52,30,1,1

[Items]
# coin
type=COIN
location=53,30,1,1

[Items]
# coin
type=COIN
location=47,31,1,1

[Items]
# coin
type=COIN
location=47,30,1,1

[Items]
# coin
type=COIN
location=47,29,1,1

[Items]
# coin
type=COIN
location=46,29,1,1

[Items]
# coin
type=COIN
location=46,30,1,1

[Items]
# coin
type=COIN
location=46,31,1,1

[Items]
# coin
type=COIN
location=34,22,1,1

[Items]
# coin
type=COIN
location=35,22,1,1

[Items]
# coin
type=COIN
location=35,23,1,1

[Items]
# coin
type=COIN
location=34,23,1,1

[Items]
# coin
type=COIN
location=30,26,1,1

[Items]
# coin
type=COIN
location=31,26,1,1

[Items]
# coin
type=COIN
location=31,27,1,1

[Items]
# coin
type=COIN
location=30,27,1,1

[Items]
# coin
type=COIN
location=24,24,1,1

[Items]
# coin
type=COIN
location=26,24,1,1

[Items]
# coin
type=COIN
location=23,25,1,1

[Items]
# coin
type=COIN
location=25,25,1,1

[Items]
# coin
type=COIN
location=27,25,1,1

[Items]
# coin
type=COIN
location=25,23,1,1

[Items]
# coin
type=COIN
location=24,26,1,1

[Items]
# coin
type=COIN
location=26,26,1,1

[Items]
# coin
type=COIN
location=17,29,1,1

[Items]
# coin
type=COIN
location=13,30,1,1

[Items]
# coin
type=COIN
location=13,31,1,1

[Items]
# coin
type=COIN
location=14,31,1,1

[Items]
# coin
type=COIN
location=14,30,1,1

[Items]
# coin
type=COIN
location=10,30,1,1

[Items]
# coin
type=COIN
location=11,30,1,1

[Items]
# coin
type=COIN
location=11,31,1,1

[Items]
# coin
type=COIN
location=10,31,1,1

[Items]
# coin
type=COIN
location=24,22,1,1

[Items]
# coin
type=COIN
location=26,22,1,1

[Items]
# coin
type=COIN
location=25,21,1,1

[Items]
# coin
type=COIN
location=22,26,1,1

[Items]
# coin
type=COIN
location=28,26,1,1

